        -3  0.0497871 
  -2.99399   0.050087 
  -2.98799  0.0503887 
  -2.98198  0.0506923 
  -2.97598  0.0509976 
  -2.96997  0.0513049 
  -2.96396  0.0516139 
  -2.95796  0.0519248 
  -2.95195  0.0522376 
  -2.94595  0.0525523 
  -2.93994  0.0528689 
  -2.93393  0.0531874 
  -2.92793  0.0535078 
  -2.92192  0.0538301 
  -2.91592  0.0541544 
  -2.90991  0.0544806 
   -2.9039  0.0548088 
   -2.8979   0.055139 
  -2.89189  0.0554712 
  -2.88589  0.0558053 
  -2.87988  0.0561415 
  -2.87387  0.0564797 
  -2.86787  0.0568199 
  -2.86186  0.0571622 
  -2.85586  0.0575066 
  -2.84985   0.057853 
  -2.84384  0.0582015 
  -2.83784  0.0585521 
  -2.83183  0.0589049 
  -2.82583  0.0592597 
  -2.81982  0.0596167 
  -2.81381  0.0599758 
  -2.80781  0.0603371 
   -2.8018  0.0607006 
   -2.7958  0.0610663 
  -2.78979  0.0614341 
  -2.78378  0.0618042 
  -2.77778  0.0621765 
  -2.77177  0.0625511 
  -2.76577  0.0629279 
  -2.75976   0.063307 
  -2.75375  0.0636883 
  -2.74775   0.064072 
  -2.74174   0.064458 
  -2.73574  0.0648463 
  -2.72973  0.0652369 
  -2.72372  0.0656299 
  -2.71772  0.0660253 
  -2.71171   0.066423 
  -2.70571  0.0668231 
   -2.6997  0.0672257 
  -2.69369  0.0676307 
  -2.68769  0.0680381 
  -2.68168  0.0684479 
  -2.67568  0.0688603 
  -2.66967  0.0692751 
  -2.66366  0.0696924 
  -2.65766  0.0701123 
  -2.65165  0.0705346 
  -2.64565  0.0709595 
  -2.63964   0.071387 
  -2.63363   0.071817 
  -2.62763  0.0722497 
  -2.62162  0.0726849 
  -2.61562  0.0731228 
  -2.60961  0.0735633 
   -2.6036  0.0740064 
   -2.5976  0.0744522 
  -2.59159  0.0749007 
  -2.58559  0.0753519 
  -2.57958  0.0758059 
  -2.57357  0.0762625 
  -2.56757  0.0767219 
  -2.56156  0.0771841 
  -2.55556  0.0776491 
  -2.54955  0.0781168 
  -2.54354  0.0785874 
  -2.53754  0.0790608 
  -2.53153  0.0795371 
  -2.52553  0.0800163 
  -2.51952  0.0804983 
  -2.51351  0.0809832 
  -2.50751  0.0814711 
   -2.5015  0.0819618 
   -2.4955  0.0824556 
  -2.48949  0.0829523 
  -2.48348   0.083452 
  -2.47748  0.0839547 
  -2.47147  0.0844605 
  -2.46547  0.0849693 
  -2.45946  0.0854811 
  -2.45345  0.0859961 
  -2.44745  0.0865141 
  -2.44144  0.0870353 
  -2.43544  0.0875596 
  -2.42943  0.0880871 
  -2.42342  0.0886177 
  -2.41742  0.0891516 
  -2.41141  0.0896886 
  -2.40541  0.0902289 
   -2.3994  0.0907725 
  -2.39339  0.0913193 
  -2.38739  0.0918694 
  -2.38138  0.0924228 
  -2.37538  0.0929796 
  -2.36937  0.0935397 
  -2.36336  0.0941032 
  -2.35736  0.0946701 
  -2.35135  0.0952404 
  -2.34535  0.0958141 
  -2.33934  0.0963913 
  -2.33333   0.096972 
  -2.32733  0.0975561 
  -2.32132  0.0981438 
  -2.31532   0.098735 
  -2.30931  0.0993298 
   -2.3033  0.0999282 
   -2.2973    0.10053 
  -2.29129   0.101136 
  -2.28529   0.101745 
  -2.27928   0.102358 
  -2.27327   0.102975 
  -2.26727   0.103595 
  -2.26126   0.104219 
  -2.25526   0.104847 
  -2.24925   0.105478 
  -2.24324   0.106114 
  -2.23724   0.106753 
  -2.23123   0.107396 
  -2.22523   0.108043 
  -2.21922   0.108694 
  -2.21321   0.109349 
  -2.20721   0.110007 
   -2.2012    0.11067 
   -2.1952   0.111337 
  -2.18919   0.112008 
  -2.18318   0.112682 
  -2.17718   0.113361 
  -2.17117   0.114044 
  -2.16517   0.114731 
  -2.15916   0.115422 
  -2.15315   0.116117 
  -2.14715   0.116817 
  -2.14114   0.117521 
  -2.13514   0.118229 
  -2.12913   0.118941 
  -2.12312   0.119657 
  -2.11712   0.120378 
  -2.11111   0.121103 
  -2.10511   0.121833 
   -2.0991   0.122567 
  -2.09309   0.123305 
  -2.08709   0.124048 
  -2.08108   0.124795 
  -2.07508   0.125547 
  -2.06907   0.126303 
  -2.06306   0.127064 
  -2.05706    0.12783 
  -2.05105     0.1286 
  -2.04505   0.129374 
  -2.03904   0.130154 
  -2.03303   0.130938 
  -2.02703   0.131727 
  -2.02102    0.13252 
  -2.01502   0.133318 
  -2.00901   0.134122 
    -2.003   0.134929 
    -1.997   0.135742 
  -1.99099    0.13656 
  -1.98498   0.137383 
  -1.97898    0.13821 
  -1.97297   0.139043 
  -1.96697    0.13988 
  -1.96096   0.140723 
  -1.95495   0.141571 
  -1.94895   0.142424 
  -1.94294   0.143282 
  -1.93694   0.144145 
  -1.93093   0.145013 
  -1.92492   0.145887 
  -1.91892   0.146766 
  -1.91291    0.14765 
  -1.90691   0.148539 
   -1.9009   0.149434 
  -1.89489   0.150334 
  -1.88889    0.15124 
  -1.88288   0.152151 
  -1.87688   0.153067 
  -1.87087   0.153989 
  -1.86486   0.154917 
  -1.85886    0.15585 
  -1.85285   0.156789 
  -1.84685   0.157734 
  -1.84084   0.158684 
  -1.83483    0.15964 
  -1.82883   0.160602 
  -1.82282   0.161569 
  -1.81682   0.162542 
  -1.81081   0.163521 
   -1.8048   0.164507 
   -1.7988   0.165498 
  -1.79279   0.166495 
  -1.78679   0.167498 
  -1.78078   0.168507 
  -1.77477   0.169522 
  -1.76877   0.170543 
  -1.76276    0.17157 
  -1.75676   0.172604 
  -1.75075   0.173644 
  -1.74474    0.17469 
  -1.73874   0.175742 
  -1.73273   0.176801 
  -1.72673   0.177866 
  -1.72072   0.178937 
  -1.71471   0.180015 
  -1.70871   0.181099 
   -1.7027    0.18219 
   -1.6967   0.183288 
  -1.69069   0.184392 
  -1.68468   0.185503 
  -1.67868    0.18662 
  -1.67267   0.187745 
  -1.66667   0.188876 
  -1.66066   0.190013 
  -1.65465   0.191158 
  -1.64865    0.19231 
  -1.64264   0.193468 
  -1.63664   0.194634 
  -1.63063   0.195806 
  -1.62462   0.196986 
  -1.61862   0.198172 
  -1.61261   0.199366 
  -1.60661   0.200567 
   -1.6006   0.201775 
  -1.59459   0.202991 
  -1.58859   0.204214 
  -1.58258   0.205444 
  -1.57658   0.206681 
  -1.57057   0.207927 
  -1.56456   0.209179 
  -1.55856   0.210439 
  -1.55255   0.211707 
  -1.54655   0.212982 
  -1.54054   0.214265 
  -1.53453   0.215556 
  -1.52853   0.216855 
  -1.52252   0.218161 
  -1.51652   0.219475 
  -1.51051   0.220797 
   -1.5045   0.222127 
   -1.4985   0.223465 
  -1.49249   0.224812 
  -1.48649   0.226166 
  -1.48048   0.227528 
  -1.47447   0.228899 
  -1.46847   0.230278 
  -1.46246   0.231665 
  -1.45646   0.233061 
  -1.45045   0.234465 
  -1.44444   0.235877 
  -1.43844   0.237298 
  -1.43243   0.238728 
  -1.42643   0.240166 
  -1.42042   0.241612 
  -1.41441   0.243068 
  -1.40841   0.244532 
   -1.4024   0.246005 
   -1.3964   0.247487 
  -1.39039   0.248978 
  -1.38438   0.250478 
  -1.37838   0.251987 
  -1.37237   0.253505 
  -1.36637   0.255032 
  -1.36036   0.256568 
  -1.35435   0.258114 
  -1.34835   0.259669 
  -1.34234   0.261233 
  -1.33634   0.262807 
  -1.33033    0.26439 
  -1.32432   0.265983 
  -1.31832   0.267585 
  -1.31231   0.269197 
  -1.30631   0.270819 
   -1.3003    0.27245 
  -1.29429   0.274091 
  -1.28829   0.275742 
  -1.28228   0.277403 
  -1.27628   0.279075 
  -1.27027   0.280756 
  -1.26426   0.282447 
  -1.25826   0.284149 
  -1.25225    0.28586 
  -1.24625   0.287582 
  -1.24024   0.289315 
  -1.23423   0.291058 
  -1.22823   0.292811 
  -1.22222   0.294575 
  -1.21622   0.296349 
  -1.21021   0.298135 
   -1.2042   0.299931 
   -1.1982   0.301737 
  -1.19219   0.303555 
  -1.18619   0.305384 
  -1.18018   0.307223 
  -1.17417   0.309074 
  -1.16817   0.310936 
  -1.16216   0.312809 
  -1.15616   0.314693 
  -1.15015   0.316589 
  -1.14414   0.318496 
  -1.13814   0.320415 
  -1.13213   0.322345 
  -1.12613   0.324287 
  -1.12012   0.326241 
  -1.11411   0.328206 
  -1.10811   0.330183 
   -1.1021   0.332172 
   -1.0961   0.334173 
  -1.09009   0.336186 
  -1.08408   0.338211 
  -1.07808   0.340249 
  -1.07207   0.342299 
  -1.06607   0.344361 
  -1.06006   0.346435 
  -1.05405   0.348522 
  -1.04805   0.350621 
  -1.04204   0.352734 
  -1.03604   0.354859 
  -1.03003   0.356996 
  -1.02402   0.359147 
  -1.01802    0.36131 
  -1.01201   0.363487 
  -1.00601   0.365677 
        -1   0.367879 
 -0.993994   0.370096 
 -0.987988   0.372325 
 -0.981982   0.374568 
 -0.975976   0.376824 
  -0.96997   0.379094 
 -0.963964   0.381378 
 -0.957958   0.383676 
 -0.951952   0.385987 
 -0.945946   0.388312 
  -0.93994   0.390651 
 -0.933934   0.393005 
 -0.927928   0.395372 
 -0.921922   0.397754 
 -0.915916    0.40015 
  -0.90991    0.40256 
 -0.903904   0.404986 
 -0.897898   0.407425 
 -0.891892    0.40988 
 -0.885886   0.412349 
  -0.87988   0.414833 
 -0.873874   0.417332 
 -0.867868   0.419846 
 -0.861862   0.422375 
 -0.855856   0.424919 
  -0.84985   0.427479 
 -0.843844   0.430054 
 -0.837838   0.432645 
 -0.831832   0.435251 
 -0.825826   0.437873 
  -0.81982   0.440511 
 -0.813814   0.443165 
 -0.807808   0.445834 
 -0.801802    0.44852 
 -0.795796   0.451222 
  -0.78979    0.45394 
 -0.783784   0.456675 
 -0.777778   0.459426 
 -0.771772   0.462193 
 -0.765766   0.464978 
  -0.75976   0.467779 
 -0.753754   0.470597 
 -0.747748   0.473432 
 -0.741742   0.476284 
 -0.735736   0.479153 
  -0.72973   0.482039 
 -0.723724   0.484943 
 -0.717718   0.487864 
 -0.711712   0.490803 
 -0.705706    0.49376 
   -0.6997   0.496734 
 -0.693694   0.499727 
 -0.687688   0.502737 
 -0.681682   0.505766 
 -0.675676   0.508813 
  -0.66967   0.511878 
 -0.663664   0.514961 
 -0.657658   0.518063 
 -0.651652   0.521184 
 -0.645646   0.524324 
  -0.63964   0.527482 
 -0.633634    0.53066 
 -0.627628   0.533857 
 -0.621622   0.537073 
 -0.615616   0.540308 
  -0.60961   0.543563 
 -0.603604   0.546837 
 -0.597598   0.550132 
 -0.591592   0.553446 
 -0.585586    0.55678 
  -0.57958   0.560134 
 -0.573574   0.563508 
 -0.567568   0.566903 
 -0.561562   0.570318 
 -0.555556   0.573753 
  -0.54955    0.57721 
 -0.543544   0.580687 
 -0.537538   0.584185 
 -0.531532   0.587704 
 -0.525526   0.591245 
  -0.51952   0.594806 
 -0.513514   0.598389 
 -0.507508   0.601994 
 -0.501502   0.605621 
 -0.495495   0.609269 
 -0.489489   0.612939 
 -0.483483   0.616632 
 -0.477477   0.620346 
 -0.471471   0.624083 
 -0.465465   0.627843 
 -0.459459   0.631625 
 -0.453453    0.63543 
 -0.447447   0.639258 
 -0.441441   0.643109 
 -0.435435   0.646983 
 -0.429429    0.65088 
 -0.423423   0.654801 
 -0.417417   0.658746 
 -0.411411   0.662714 
 -0.405405   0.666706 
 -0.399399   0.670723 
 -0.393393   0.674763 
 -0.387387   0.678828 
 -0.381381   0.682917 
 -0.375375   0.687031 
 -0.369369    0.69117 
 -0.363363   0.695334 
 -0.357357   0.699522 
 -0.351351   0.703736 
 -0.345345   0.707976 
 -0.339339   0.712241 
 -0.333333   0.716531 
 -0.327327   0.720848 
 -0.321321    0.72519 
 -0.315315   0.729559 
 -0.309309   0.733954 
 -0.303303   0.738375 
 -0.297297   0.742823 
 -0.291291   0.747298 
 -0.285285     0.7518 
 -0.279279   0.756329 
 -0.273273   0.760885 
 -0.267267   0.765468 
 -0.261261    0.77008 
 -0.255255   0.774719 
 -0.249249   0.779386 
 -0.243243   0.784081 
 -0.237237   0.788804 
 -0.231231   0.793556 
 -0.225225   0.798336 
 -0.219219   0.803146 
 -0.213213   0.807984 
 -0.207207   0.812851 
 -0.201201   0.817748 
 -0.195195   0.822674 
 -0.189189    0.82763 
 -0.183183   0.832616 
 -0.177177   0.837631 
 -0.171171   0.842677 
 -0.165165   0.847754 
 -0.159159   0.852861 
 -0.153153   0.857998 
 -0.147147   0.863167 
 -0.141141   0.868367 
 -0.135135   0.873598 
 -0.129129    0.87886 
 -0.123123   0.884155 
 -0.117117   0.889481 
 -0.111111   0.894839 
 -0.105105    0.90023 
-0.0990991   0.905653 
-0.0930931   0.911109 
-0.0870871   0.916597 
-0.0810811   0.922119 
-0.0750751   0.927674 
-0.0690691   0.933262 
-0.0630631   0.938884 
-0.0570571    0.94454 
-0.0510511    0.95023 
 -0.045045   0.955954 
 -0.039039   0.961713 
 -0.033033   0.967507 
 -0.027027   0.973335 
 -0.021021   0.979198 
 -0.015015   0.985097 
-0.00900901   0.991031 
 -0.003003   0.997002 
  0.003003    1.00301 
0.00900901    1.00905 
  0.015015    1.01513 
  0.021021    1.02124 
  0.027027     1.0274 
  0.033033    1.03358 
  0.039039    1.03981 
  0.045045    1.04607 
 0.0510511    1.05238 
 0.0570571    1.05872 
 0.0630631    1.06509 
 0.0690691    1.07151 
 0.0750751    1.07797 
 0.0810811    1.08446 
 0.0870871    1.09099 
 0.0930931    1.09756 
 0.0990991    1.10418 
  0.105105    1.11083 
  0.111111    1.11752 
  0.117117    1.12425 
  0.123123    1.13102 
  0.129129    1.13784 
  0.135135    1.14469 
  0.141141    1.15159 
  0.147147    1.15852 
  0.153153     1.1655 
  0.159159    1.17252 
  0.165165    1.17959 
  0.171171    1.18669 
  0.177177    1.19384 
  0.183183    1.20103 
  0.189189    1.20827 
  0.195195    1.21555 
  0.201201    1.22287 
  0.207207    1.23024 
  0.213213    1.23765 
  0.219219     1.2451 
  0.225225     1.2526 
  0.231231    1.26015 
  0.237237    1.26774 
  0.243243    1.27538 
  0.249249    1.28306 
  0.255255    1.29079 
  0.261261    1.29857 
  0.267267    1.30639 
  0.273273    1.31426 
  0.279279    1.32218 
  0.285285    1.33014 
  0.291291    1.33815 
  0.297297    1.34622 
  0.303303    1.35433 
  0.309309    1.36248 
  0.315315    1.37069 
  0.321321    1.37895 
  0.327327    1.38726 
  0.333333    1.39561 
  0.339339    1.40402 
  0.345345    1.41248 
  0.351351    1.42099 
  0.357357    1.42955 
  0.363363    1.43816 
  0.369369    1.44682 
  0.375375    1.45554 
  0.381381    1.46431 
  0.387387    1.47313 
  0.393393      1.482 
  0.399399    1.49093 
  0.405405    1.49991 
  0.411411    1.50895 
  0.417417    1.51804 
  0.423423    1.52718 
  0.429429    1.53638 
  0.435435    1.54564 
  0.441441    1.55495 
  0.447447    1.56431 
  0.453453    1.57374 
  0.459459    1.58322 
  0.465465    1.59276 
  0.471471    1.60235 
  0.477477      1.612 
  0.483483    1.62171 
  0.489489    1.63148 
  0.495495    1.64131 
  0.501502     1.6512 
  0.507508    1.66115 
  0.513514    1.67115 
   0.51952    1.68122 
  0.525526    1.69135 
  0.531532    1.70154 
  0.537538    1.71179 
  0.543544     1.7221 
   0.54955    1.73247 
  0.555556    1.74291 
  0.561562    1.75341 
  0.567568    1.76397 
  0.573574     1.7746 
   0.57958    1.78529 
  0.585586    1.79604 
  0.591592    1.80686 
  0.597598    1.81775 
  0.603604     1.8287 
   0.60961    1.83971 
  0.615616     1.8508 
  0.621622    1.86194 
  0.627628    1.87316 
  0.633634    1.88445 
   0.63964     1.8958 
  0.645646    1.90722 
  0.651652    1.91871 
  0.657658    1.93027 
  0.663664    1.94189 
   0.66967    1.95359 
  0.675676    1.96536 
  0.681682     1.9772 
  0.687688    1.98911 
  0.693694    2.00109 
    0.6997    2.01315 
  0.705706    2.02528 
  0.711712    2.03748 
  0.717718    2.04975 
  0.723724     2.0621 
   0.72973    2.07452 
  0.735736    2.08702 
  0.741742    2.09959 
  0.747748    2.11224 
  0.753754    2.12496 
   0.75976    2.13776 
  0.765766    2.15064 
  0.771772     2.1636 
  0.777778    2.17663 
  0.783784    2.18974 
   0.78979    2.20293 
  0.795796     2.2162 
  0.801802    2.22955 
  0.807808    2.24299 
  0.813814     2.2565 
   0.81982    2.27009 
  0.825826    2.28377 
  0.831832    2.29752 
  0.837838    2.31136 
  0.843844    2.32529 
   0.84985     2.3393 
  0.855856    2.35339 
  0.861862    2.36756 
  0.867868    2.38183 
  0.873874    2.39618 
   0.87988    2.41061 
  0.885886    2.42513 
  0.891892    2.43974 
  0.897898    2.45444 
  0.903904    2.46922 
   0.90991     2.4841 
  0.915916    2.49906 
  0.921922    2.51412 
  0.927928    2.52926 
  0.933934     2.5445 
   0.93994    2.55983 
  0.945946    2.57525 
  0.951952    2.59076 
  0.957958    2.60637 
  0.963964    2.62207 
   0.96997    2.63787 
  0.975976    2.65376 
  0.981982    2.66974 
  0.987988    2.68583 
  0.993994      2.702 
         1    2.71828 
   1.00601    2.73466 
   1.01201    2.75113 
   1.01802     2.7677 
   1.02402    2.78438 
   1.03003    2.80115 
   1.03604    2.81802 
   1.04204      2.835 
   1.04805    2.85208 
   1.05405    2.86926 
   1.06006    2.88654 
   1.06607    2.90393 
   1.07207    2.92143 
   1.07808    2.93903 
   1.08408    2.95673 
   1.09009    2.97454 
    1.0961    2.99246 
    1.1021    3.01049 
   1.10811    3.02862 
   1.11411    3.04687 
   1.12012    3.06522 
   1.12613    3.08369 
   1.13213    3.10226 
   1.13814    3.12095 
   1.14414    3.13975 
   1.15015    3.15867 
   1.15616     3.1777 
   1.16216    3.19684 
   1.16817     3.2161 
   1.17417    3.23547 
   1.18018    3.25496 
   1.18619    3.27457 
   1.19219     3.2943 
    1.1982    3.31414 
    1.2042     3.3341 
   1.21021    3.35419 
   1.21622     3.3744 
   1.22222    3.39472 
   1.22823    3.41517 
   1.23423    3.43575 
   1.24024    3.45644 
   1.24625    3.47727 
   1.25225    3.49821 
   1.25826    3.51929 
   1.26426    3.54049 
   1.27027    3.56182 
   1.27628    3.58327 
   1.28228    3.60486 
   1.28829    3.62657 
   1.29429    3.64842 
    1.3003     3.6704 
   1.30631    3.69251 
   1.31231    3.71475 
   1.31832    3.73713 
   1.32432    3.75964 
   1.33033    3.78229 
   1.33634    3.80508 
   1.34234      3.828 
   1.34835    3.85106 
   1.35435    3.87426 
   1.36036     3.8976 
   1.36637    3.92108 
   1.37237     3.9447 
   1.37838    3.96846 
   1.38438    3.99237 
   1.39039    4.01642 
    1.3964    4.04061 
    1.4024    4.06495 
   1.40841    4.08944 
   1.41441    4.11408 
   1.42042    4.13886 
   1.42643    4.16379 
   1.43243    4.18888 
   1.43844    4.21411 
   1.44444     4.2395 
   1.45045    4.26504 
   1.45646    4.29073 
   1.46246    4.31658 
   1.46847    4.34258 
   1.47447    4.36874 
   1.48048    4.39506 
   1.48649    4.42153 
   1.49249    4.44817 
    1.4985    4.47496 
    1.5045    4.50192 
   1.51051    4.52904 
   1.51652    4.55633 
   1.52252    4.58377 
   1.52853    4.61139 
   1.53453    4.63917 
   1.54054    4.66711 
   1.54655    4.69523 
   1.55255    4.72351 
   1.55856    4.75197 
   1.56456    4.78059 
   1.57057    4.80939 
   1.57658    4.83836 
   1.58258    4.86751 
   1.58859    4.89683 
   1.59459    4.92633 
    1.6006    4.95601 
   1.60661    4.98586 
   1.61261     5.0159 
   1.61862    5.04611 
   1.62462    5.07651 
   1.63063    5.10709 
   1.63664    5.13786 
   1.64264    5.16881 
   1.64865    5.19995 
   1.65465    5.23127 
   1.66066    5.26279 
   1.66667    5.29449 
   1.67267    5.32638 
   1.67868    5.35847 
   1.68468    5.39075 
   1.69069    5.42323 
    1.6967     5.4559 
    1.7027    5.48876 
   1.70871    5.52183 
   1.71471    5.55509 
   1.72072    5.58855 
   1.72673    5.62222 
   1.73273    5.65609 
   1.73874    5.69016 
   1.74474    5.72444 
   1.75075    5.75892 
   1.75676    5.79362 
   1.76276    5.82852 
   1.76877    5.86363 
   1.77477    5.89895 
   1.78078    5.93449 
   1.78679    5.97024 
   1.79279     6.0062 
    1.7988    6.04238 
    1.8048    6.07878 
   1.81081     6.1154 
   1.81682    6.15224 
   1.82282    6.18931 
   1.82883    6.22659 
   1.83483     6.2641 
   1.84084    6.30183 
   1.84685     6.3398 
   1.85285    6.37799 
   1.85886    6.41641 
   1.86486    6.45506 
   1.87087    6.49395 
   1.87688    6.53307 
   1.88288    6.57243 
   1.88889    6.61202 
   1.89489    6.65185 
    1.9009    6.69192 
   1.90691    6.73223 
   1.91291    6.77279 
   1.91892    6.81359 
   1.92492    6.85463 
   1.93093    6.89593 
   1.93694    6.93747 
   1.94294    6.97926 
   1.94895     7.0213 
   1.95495     7.0636 
   1.96096    7.10615 
   1.96697    7.14896 
   1.97297    7.19203 
   1.97898    7.23535 
   1.98498    7.27894 
   1.99099    7.32279 
     1.997     7.3669 
     2.003    7.41128 
   2.00901    7.45592 
   2.01502    7.50084 
   2.02102    7.54603 
   2.02703    7.59148 
   2.03303    7.63722 
   2.03904    7.68322 
   2.04505    7.72951 
   2.05105    7.77607 
   2.05706    7.82291 
   2.06306    7.87004 
   2.06907    7.91745 
   2.07508    7.96514 
   2.08108    8.01313 
   2.08709     8.0614 
   2.09309    8.10996 
    2.0991    8.15882 
   2.10511    8.20797 
   2.11111    8.25741 
   2.11712    8.30715 
   2.12312     8.3572 
   2.12913    8.40754 
   2.13514    8.45819 
   2.14114    8.50914 
   2.14715     8.5604 
   2.15315    8.61197 
   2.15916    8.66385 
   2.16517    8.71604 
   2.17117    8.76855 
   2.17718    8.82137 
   2.18318    8.87451 
   2.18919    8.92797 
    2.1952    8.98175 
    2.2012    9.03586 
   2.20721    9.09029 
   2.21321    9.14505 
   2.21922    9.20014 
   2.22523    9.25557 
   2.23123    9.31132 
   2.23724    9.36742 
   2.24324    9.42385 
   2.24925    9.48062 
   2.25526    9.53773 
   2.26126    9.59518 
   2.26727    9.65299 
   2.27327    9.71114 
   2.27928    9.76964 
   2.28529    9.82849 
   2.29129     9.8877 
    2.2973    9.94726 
    2.3033    10.0072 
   2.30931    10.0675 
   2.31532    10.1281 
   2.32132    10.1891 
   2.32733    10.2505 
   2.33333    10.3123 
   2.33934    10.3744 
   2.34535    10.4369 
   2.35135    10.4997 
   2.35736     10.563 
   2.36336    10.6266 
   2.36937    10.6906 
   2.37538     10.755 
   2.38138    10.8198 
   2.38739     10.885 
   2.39339    10.9506 
    2.3994    11.0166 
   2.40541    11.0829 
   2.41141    11.1497 
   2.41742    11.2169 
   2.42342    11.2844 
   2.42943    11.3524 
   2.43544    11.4208 
   2.44144    11.4896 
   2.44745    11.5588 
   2.45345    11.6284 
   2.45946    11.6985 
   2.46547     11.769 
   2.47147    11.8399 
   2.47748    11.9112 
   2.48348    11.9829 
   2.48949    12.0551 
    2.4955    12.1277 
    2.5015    12.2008 
   2.50751    12.2743 
   2.51351    12.3482 
   2.51952    12.4226 
   2.52553    12.4975 
   2.53153    12.5727 
   2.53754    12.6485 
   2.54354    12.7247 
   2.54955    12.8013 
   2.55556    12.8785 
   2.56156     12.956 
   2.56757    13.0341 
   2.57357    13.1126 
   2.57958    13.1916 
   2.58559    13.2711 
   2.59159     13.351 
    2.5976    13.4314 
    2.6036    13.5123 
   2.60961    13.5937 
   2.61562    13.6756 
   2.62162     13.758 
   2.62763    13.8409 
   2.63363    13.9243 
   2.63964    14.0082 
   2.64565    14.0925 
   2.65165    14.1774 
   2.65766    14.2628 
   2.66366    14.3488 
   2.66967    14.4352 
   2.67568    14.5222 
   2.68168    14.6096 
   2.68769    14.6977 
   2.69369    14.7862 
    2.6997    14.8753 
   2.70571    14.9649 
   2.71171     15.055 
   2.71772    15.1457 
   2.72372     15.237 
   2.72973    15.3287 
   2.73574    15.4211 
   2.74174     15.514 
   2.74775    15.6074 
   2.75375    15.7015 
   2.75976     15.796 
   2.76577    15.8912 
   2.77177    15.9869 
   2.77778    16.0832 
   2.78378    16.1801 
   2.78979    16.2776 
    2.7958    16.3757 
    2.8018    16.4743 
   2.80781    16.5735 
   2.81381    16.6734 
   2.81982    16.7738 
   2.82583    16.8749 
   2.83183    16.9765 
   2.83784    17.0788 
   2.84384    17.1817 
   2.84985    17.2852 
   2.85586    17.3893 
   2.86186    17.4941 
   2.86787    17.5995 
   2.87387    17.7055 
   2.87988    17.8121 
   2.88589    17.9194 
   2.89189    18.0274 
    2.8979     18.136 
    2.9039    18.2452 
   2.90991    18.3551 
   2.91592    18.4657 
   2.92192     18.577 
   2.92793    18.6889 
   2.93393    18.8014 
   2.93994    18.9147 
   2.94595    19.0287 
   2.95195    19.1433 
   2.95796    19.2586 
   2.96396    19.3746 
   2.96997    19.4913 
   2.97598    19.6088 
   2.98198    19.7269 
   2.98799    19.8457 
   2.99399    19.9653 
         3    20.0855 
